              precision    recall  f1-score   support

       beige     0.3837    0.3667    0.3750        90
       black     0.7778    0.8851    0.8280        87
        blue     0.9317    0.9434    0.9375       159
       brown     0.7540    0.7851    0.7692       121
        gold     0.4074    0.4889    0.4444        45
       green     0.9492    0.9256    0.9372       121
        grey     0.6842    0.5652    0.6190        92
      orange     0.8889    0.8421    0.8649       114
        pink     0.9126    0.9126    0.9126       103
      purple     0.9727    0.9304    0.9511       115
         red     0.8873    0.9265    0.9065       136
      silver     0.5476    0.5974    0.5714        77
         tan     0.4458    0.4302    0.4379        86
       white     0.7979    0.8721    0.8333        86
      yellow     0.9821    0.8871    0.9322       124

    accuracy                         0.7918      1556
   macro avg     0.7549    0.7572    0.7547      1556
weighted avg     0.7947    0.7918    0.7921      1556
